3 0.462686567164179
2 0.6
1 0.285714285714286
1 0.285714285714286
1 0.142857142857143
2 0.428571428571429
14 0.333333333333333
8 0.25
0 0.5
1 0.111111111111111
1 0.333333333333333
3 0.388888888888889
1 0.25
0 0.285714285714286
0 0.5
1 0.36
1 0.142857142857143
3 0.25
0 0.5
1 0.571428571428571
3 0.111111111111111
2 0.35
2 0.5
0 0.5
4 0.166666666666667
1 0.375
0 0.181818181818182
2 0.375
0 0.25
0 0.222222222222222
1 0.166666666666667
1 0.263157894736842
12 0.153846153846154
3 0.136363636363636
0 0.416666666666667
4 0.333333333333333
0 0.571428571428571
4 0.393939393939394
2 0.5
1 0.428571428571429
0 0.142857142857143
1 0.428571428571429
0 0.666666666666667
0 0.5
8 0.666666666666667
1 0.166666666666667
3 0.25
3 0.555555555555556
1 0.25
1 0.333333333333333
0 0.555555555555556
3 0.166666666666667
1 0.333333333333333
2 0.176470588235294
2 0.166666666666667
3 0.333333333333333
0 0.166666666666667
1 0.375
2 0.5
1 0.666666666666667
19 0.75
0 0.75
1 0.571428571428571
0 0.333333333333333
8 0.4
2 0.203703703703704
2 0.333333333333333
2 0.428571428571429
3 0.269230769230769
1 0.347826086956522
3 0.285714285714286
1 0.488372093023256
3 0.333333333333333
1 0.75
1 0.333333333333333
7 0.419354838709677
8 0.5
3 0.5
9 0.5
6 0.25
1 0.285714285714286
6 0.285714285714286
1 0.3
1 0.666666666666667
14 0.117647058823529
0 0.538461538461538
1 0.5
1 0.25
1 0.5
5 0.142857142857143
10 0.666666666666667
8 0.192307692307692
12 0.2
4 0.142857142857143
2 0.611111111111111
3 0.666666666666667
3 0.333333333333333
1 0.5
0 0.5
0 0.666666666666667
