1 1 0.75 0 1 0 0
1 0.666666666666667 0.666666666666667 0.666666666666667 0.666666666666667 0.666666666666667 0.666666666666667
1 0.857142857142857 0.833333333333333 0.833333333333333 0.833333333333333 0.8 0.75
1 0.9 0.933333333333333 0.777777777777778 0.727272727272727 0.8 0.642857142857143
1 0.851851851851852 0.846153846153846 0.833333333333333 0.75 0.625 0.681818181818182
1 0.877551020408163 0.75 0.846153846153846 0.657894736842105 0.738095238095238 0.381818181818182
0.96031746031746 0.75609756097561 0.742424242424242 0.761904761904762 0.511111111111111 0.594936708860759 0.272727272727273
0.993670886075949 0.77124183006536 0.670967741935484 0.514492753623188 0.310526315789474 0.397435897435897 0.451456310679612
1 0.492021276595745 0.573705179282869 0.595890410958904 0.325423728813559 0.246323529411765 0.39261744966443
0.884745762711864 0.639393939393939 0.410459587955626 0.122676579925651 0.345794392523364 0.165969316596932 0.11869031377899
0.361338289962825 0.691608391608392 0.063768115942029 0 0.264023934181002 0 0
0.836745689655172 0.0346502590673575 0.214039486054528 0 0.278318411833398 0 0
0 0 0 0.235355868150325 0 0 0
0 0 0 0 0 0 0
