1.7481880270062 0.903089986991943 0.698970004336019 0 0 0 0
4.32831843089382 3.37254380075907 2.79518458968242 2.41161970596323 2.08635983067475 1.88649072517248 1.61278385671974
4.73665142603884 3.79560197989418 3.21669359916975 2.78958071216443 2.55022835305509 2.29446622616159 2.00860017176192
4.75860157121156 3.79049627696711 3.20763436738896 2.81224469680037 2.57634135020579 2.28103336724773 2.11058971029925
4.55300870572736 3.56643749219507 2.98632377705077 2.56348108539441 2.35793484700045 2.11058971029925 1.82607480270083
4.18477657825085 3.20951501454263 2.68574173860226 2.22530928172586 2.05307844348342 1.83250891270624 1.54406804435028
3.68922003726384 2.76192783842053 2.21218760440396 1.98227123303957 1.69897000433602 1.49136169383427 1.34242268082221
3.13830269816628 2.32428245529769 1.88649072517248 1.68124123737559 1.27875360095283 1.27875360095283 1.14612803567824
2.55750720190566 1.81954393554187 1.39794000867204 1.14612803567824 0.698970004336019 1.04139268515822 0.954242509439325
1.89209460269048 1.43136376415899 0.778151250383644 0 0.602059991327962 0.301029995663981 0
1.17609125905568 1.04139268515822 0.301029995663981 0 0 0 0
0.477121254719662 0 0 0 0 0 0
0 0 0 0 0 0 0
0 0 0 0 0 0 0
